boundary 10 15
source 1 2
target 7 11
horizontal edge weight
2.68 1.79 2.57 2.60 2.82 1.40 1.67 2.54 1.56 2.11 1.95 2.26 1.73 2.03 
2.90 2.83 2.27 2.43 1.28 2.21 1.03 1.49 1.27 2.61 1.31 1.80 1.26 1.22 
3.00 1.44 2.03 2.68 2.23 1.59 2.28 2.05 1.99 2.95 1.59 2.54 2.05 2.54 
1.80 2.78 1.57 1.70 2.62 2.84 1.14 2.90 2.05 1.17 1.38 2.33 2.78 1.70 
1.13 1.04 1.92 1.13 1.48 2.94 2.80 2.70 1.53 2.08 1.75 2.52 2.03 2.34 
2.06 1.08 1.88 2.86 2.86 2.44 1.57 2.48 2.28 1.71 2.38 1.33 1.88 2.76 
2.66 1.66 1.46 2.79 1.70 2.37 2.91 2.18 2.31 2.72 1.88 2.85 1.80 2.63 
2.37 2.82 1.96 1.43 2.90 2.84 1.30 2.76 2.28 1.86 2.24 1.56 2.57 1.61 
1.89 1.45 1.38 1.55 2.11 1.83 1.34 2.81 1.21 1.25 1.99 2.52 2.97 2.87 
2.37 1.77 2.50 1.74 1.59 1.46 2.17 1.49 1.30 2.46 1.25 2.59 1.33 2.49 
vertical edge weight
1.15 2.90 1.11 2.04 1.35 1.48 2.60 2.47 2.31 2.93 2.28 2.52 1.19 1.27 2.04 
1.16 1.14 1.41 1.92 2.64 2.15 2.51 1.10 1.32 3.00 1.41 2.78 1.25 3.00 1.11 
2.74 1.14 1.01 2.85 2.19 1.36 1.33 1.78 2.83 2.64 1.72 2.10 2.16 1.91 2.37 
1.20 2.06 2.51 1.61 2.98 2.15 2.76 2.50 2.26 1.07 2.50 2.67 2.85 2.75 2.66 
2.96 2.49 2.81 2.97 2.33 1.99 1.33 2.66 2.78 1.15 2.30 1.50 2.26 1.46 2.40 
1.63 1.66 1.46 1.15 2.27 1.45 2.30 2.02 2.94 1.56 2.09 2.44 1.23 1.94 2.19 
2.89 1.90 1.67 2.70 1.87 1.01 1.69 2.20 2.67 1.47 2.35 1.97 1.96 1.61 2.42 
1.37 2.24 1.08 1.83 2.39 2.35 2.28 1.69 1.37 2.22 2.25 2.46 1.66 2.48 1.40 
2.84 2.37 2.31 1.51 2.06 1.18 1.52 2.75 2.37 1.19 1.22 1.72 2.15 2.19 2.33 
